47.70
46.10
46.40
46.20
46.20
46.30
46.10
46.00
45.80
46.60
46.00
45.70
45.30
45.30
45.20
45.10
45.00
45.00
45.10
45.20
45.20
45.30
45.30
45.30
45.40
45.70
45.60
45.50
45.50
45.50
45.40
45.40
45.30
45.30
45.30
45.40
45.40
45.40
45.50
45.50
45.50
45.60
45.50
45.40
45.40
45.40
45.50
45.50
45.50
45.60
45.20
43.20
43.70
45.40
54.40
55.40
55.00
55.00
50.80
47.00
46.80
46.90
47.00
46.60
46.70
46.50
46.80
46.70
47.00
47.10
46.80
47.10
47.40
47.40
47.30
47.20
47.10
47.30
47.20
47.30
47.30
47.20
47.20
47.00
47.10
47.00
46.90
46.90
46.70
46.80
46.60
46.60
46.60
47.10
47.10
46.90
47.20
47.20
47.00
47.10
47.10
46.80
46.80
46.90
46.90
46.60
46.80
46.40
46.80
46.70
46.30
46.30
46.40
46.40
46.30
46.10
46.10
46.00
46.50
46.50
46.30
46.20
46.20
46.20
46.30
46.40
46.30
46.50
46.10
46.10
46.00
46.10
46.10
45.90
45.80
45.80
45.60
45.50
45.90
45.60
45.70
45.60
45.90
46.00
46.20
46.30
46.30
46.40
46.40
46.20
46.20
46.30
46.20
46.20
46.20
46.30
46.30
46.50
46.50
46.50
46.50
46.60
46.60
46.50
46.30
46.30
46.00
45.90
45.60
45.50
45.50
45.70
45.70
45.30
45.20
45.30
45.60
45.60
45.70
45.50
45.50
45.40
45.50
45.60
45.30
45.10
45.20
45.00
44.70
44.60
44.60
44.60
44.50
44.40
44.40
44.40
44.50
44.40
44.60
44.50
44.60
44.50
44.50
44.40
44.40
44.40
44.50
44.60
44.80
44.70
44.90
45.10
45.00
45.20
45.30
45.30
45.50
45.50
45.30
45.50
45.40
45.60
45.30
45.40
45.20
45.10
45.10
45.10
45.00
45.10
45.10
45.20
45.10
45.30
45.70
45.80
45.90
46.00
45.90
45.70
45.60
45.60
45.60
45.50
45.70
45.70
46.00
45.90
46.10
46.10
45.90
45.80
46.10
45.90
45.70
45.70
45.80
45.70
45.80
45.90
46.00
46.10
46.10
46.10
46.20
46.10
46.10
46.10
46.10
45.90
45.80
45.70
45.90
46.00
46.00
46.00
45.80
45.90
45.90
46.00
45.90
45.80
45.60
45.70
45.60
46.00
45.90
45.80
45.80
45.80
45.90
46.00
45.90
45.90
45.90
45.90
45.90
45.80
45.80
45.80
45.70
45.90
45.90
45.80
45.80
45.70
45.90
45.80
46.00
46.00
46.10
46.10
46.20
46.40
46.20
46.40
46.40
46.40
46.30
46.40
46.50
46.50
46.60
46.60
46.60
46.60
46.60
46.60
46.70
46.70
46.60
46.80
46.80
46.90
46.90
47.00
47.00
47.10
47.10
47.30
47.20
47.30
47.30
47.30
47.30
47.40
47.30
47.40
47.30
47.50
47.50
47.50
47.60
47.70
47.60
47.70
47.70
47.80
47.90
48.00
48.10
48.20
48.30
48.20
48.20
48.20
48.30
48.30
48.40
48.40
48.40
48.40
48.50
48.50
48.50
48.50
48.60
48.60
48.60
48.60
48.60
48.60
48.60
48.80
49.00
48.80
48.80
48.70
48.90
48.90
49.00
49.10
49.20
49.30
49.30
49.30
49.30
49.40
49.50
49.60
49.70
49.70
49.60
49.50
49.70
49.80
49.80
50.00
50.00
49.90
50.00
49.80
50.00
50.00
50.00
49.80
49.90
49.90
49.80
49.90
49.80
49.90
49.90
50.00
50.00
49.90
50.00
50.10
50.20
50.50
50.30
50.20
50.20
50.40
50.40
50.60
50.70
50.70
50.60
50.50
50.50
50.50
50.60
50.40
50.40
50.30
50.40
50.30
50.20
50.30
50.20
50.50
50.60
50.50
50.40
50.60
50.40
50.40
50.40
50.70
50.70
50.50
50.30
50.40
50.40
50.50
50.60
50.70
50.80
50.70
50.70
50.60
50.50
50.50
50.40
50.50
50.50
50.50
50.40
50.40
50.40
50.40
50.30
50.40
50.50
50.50
50.50
50.40
50.40
50.40
50.50
50.50
50.40
50.40
50.50
50.50
50.50
50.40
50.30
50.50
50.50
50.50
50.50
50.50
50.40
50.30
50.40
50.30
50.30
50.40
50.50
50.40
50.60
50.60
50.50
50.50
50.50
50.60
50.60
50.50
50.50
50.50
50.60
50.60
50.70
50.60
50.60
50.80
50.80
50.60
50.70
50.70
50.70
50.80
50.80
50.70
50.70
50.80
50.80
50.70
50.60
50.60
50.60
50.60
50.60
50.60
50.50
50.40
50.50
50.50
50.40
50.60
50.50
50.50
50.50
50.60
50.60
50.80
50.60
50.60
50.70
50.50
50.50
50.30
50.50
50.40
50.50
50.40
50.60
50.60
50.60
50.70
50.60
50.60
50.70
50.80
50.70
50.60
50.60
50.60
50.60
50.70
50.60
50.70
50.60
50.60
50.70
50.60
50.60
50.70
50.70
50.60
50.60
50.60
50.50
50.40
50.40
50.50
50.40
50.20
50.30
50.30
50.20
50.10
50.00
50.00
50.10
50.10
50.00
50.10
50.00
50.10
50.00
50.10
50.10
50.20
50.00
50.00
50.10
50.00
49.90
49.90
49.90
49.90
50.10
50.00
50.00
50.00
49.90
49.90
49.80
49.90
49.90
49.80
49.90
49.80
49.80
49.80
49.80
49.80
49.80
49.80
49.90
49.80
49.70
49.70
49.70
49.70
49.70
49.70
49.70
49.70
49.90
49.70
49.60
49.60
49.50
49.40
49.40
49.60
49.40
49.60
49.50
49.60
49.70
49.80
49.80
49.70
49.70
49.60
49.60
49.60
49.60
49.50
49.60
49.60
49.60
49.60
49.60
49.70
49.70
49.80
49.60
49.50
49.50
49.40
49.40
49.40
49.30
49.40
49.40
49.40
49.60
49.70
49.80
49.60
49.60
49.50
49.30
49.40
49.50
49.30
49.20
49.30
49.30
49.40
49.40
49.40
49.30
49.30
49.30
49.20
49.40
49.40
49.50
49.40
49.20
49.20
49.30
49.20
49.30
49.30
49.20
49.20
49.20
49.20
49.20
49.20
49.40
49.50
49.30
49.10
49.10
49.00
49.00
48.90
49.00
49.00
49.00
48.90
48.80
48.60
48.50
48.60
48.50
48.60
48.50
48.60
48.50
48.40
48.60
48.70
48.70
48.80
49.00
49.00
49.00
48.90
48.90
48.90
49.10
49.20
49.10
48.80
48.80
48.70
48.60
48.60
48.70
48.80
48.70
48.70
48.60
48.70
48.70
48.60
48.70
48.70
48.70
48.60
48.60
48.60
48.70
48.70
48.70
48.70
48.60
48.70
48.70
48.60
48.80
48.70
48.90
48.90
48.90
48.90
48.90
48.80
48.80
48.70
48.50
48.50
48.50
48.50
48.40
48.40
48.40
48.30
48.40
48.40
48.40
48.40
48.50
48.50
48.50
48.60
48.60
48.60
48.60
48.50
48.50
48.50
48.40
48.40
48.40
48.40
48.40
48.40
48.60
48.60
48.60
48.40
48.40
48.50
48.40
48.40
48.40
48.40
48.40
48.40
48.30
48.20
48.30
48.30
48.30
48.40
48.30
48.40
48.50
48.50
48.70
48.70
48.60
48.50
48.60
48.50
48.60
48.70
48.70
48.50
48.50
48.40
48.50
48.40
48.50
48.40
48.30
48.30
48.40
48.50
48.70
48.60
48.50
48.60
48.70
48.80
48.70
48.60
48.60
48.50
48.50
48.50
48.50
48.50
48.40
48.60
48.40
48.30
48.20
48.10
48.10
48.10
47.90
47.90
48.00
47.90
47.90
47.90
47.90
47.90
48.00
48.00
48.00
48.10
48.20
48.30
48.30
48.20
48.20
48.10
35.20
48.00
48.00
48.00
48.30
48.30
48.30
48.20
48.40
48.40
48.30
48.20
48.20
48.30
48.40
48.40
48.30
48.30
48.30
48.20
48.30
48.40
48.70
48.90
49.00
48.90
49.10
49.10
49.10
49.10
49.10
49.10
49.20
49.20
49.30
49.40
49.50
49.60
49.60
49.70
49.70
49.70
49.60
49.50
49.60
49.50
49.50
49.50
49.50
49.50
49.60
49.50
49.50
49.50
49.40
49.40
49.30
49.30
49.40
49.40
49.50
49.50
49.50
49.70
49.80
49.90
49.90
50.10
50.10
50.50
50.20
50.50
50.40
37.70
37.80
50.60
50.80
50.70
50.70
50.80
50.80
50.70
50.90
50.80
50.80
50.90
50.90
50.70
50.70
50.70
50.70
50.70
50.80
50.60
50.30
50.30
50.50
50.30
50.80
50.80
50.80
50.80
51.00
50.90
50.70
50.70
50.70
50.80
51.00
51.00
50.80
51.00
50.80
51.00
51.10
51.10
51.10
51.20
50.90
51.00
50.60
50.60
51.10
51.30
51.20
51.10
51.20
51.40
51.50
51.40
51.10
51.40
51.30
51.30
51.60
51.70
51.70
51.60
51.80
51.90
51.70
51.80
51.80
51.50
51.50
51.70
52.30
52.10
52.00
52.00
51.90
51.20
51.60
51.90
51.70
51.90
51.90
52.00
52.10
51.70
52.70
52.80
52.60
52.70
52.60
52.60
52.50
52.50
52.30
52.00
51.70
52.10
52.10
52.10
52.10
52.20
52.10
52.00
52.10
51.90
52.00
52.00
51.90
52.10
52.10
51.80
51.80
51.70
51.60
51.60
51.50
51.50
51.30
51.30
51.10
51.30
51.40
51.40
51.50
51.60
51.50
51.30
51.00
51.10
51.10
51.00
50.70
50.80
50.90
50.90
50.40
50.00
49.90
49.80
49.80
49.80
49.70
49.70
50.00
50.00
49.90
49.80
50.10
49.80
49.60
49.60
50.00
49.90
49.90
49.50
49.70
49.50
49.20
49.40
49.10
49.10
49.20
49.20
49.50
49.30
49.30
49.40
49.50
49.70
49.80
49.70
49.80
49.80
49.50
49.40
49.40
49.50
49.40
49.50
49.60
49.80
49.90
49.70
49.90
50.20
50.10
50.20
50.20
50.10
50.00
50.20
50.30
50.20
50.30
50.20
50.10
50.00
50.00
50.20
50.30
50.40
50.30
50.00
49.80
50.10
50.20
50.00
49.70
49.50
49.50
49.40
49.20
49.00
49.30
48.90
49.10
49.20
49.20
49.20
49.40
49.40
49.30
49.10
49.10
49.30
49.40
49.30
49.10
48.90
48.80
48.70
48.80
48.70
48.80
49.10
49.00
49.10
49.20
49.40
49.40
49.10
48.90
49.00
49.10
49.10
48.90
48.80
49.10
49.20
49.10
49.00
49.00
48.90
49.00
49.00
48.50
48.90
49.20
49.50
49.20
49.20
48.80
48.80
49.20
49.30
48.90
49.00
49.10
48.60
48.50
48.30
48.20
35.60
48.30
48.50
48.50
48.80
48.80
48.80
48.60
48.60
48.80
48.50
48.60
48.80
48.60
48.50
48.80
49.00
48.70
48.70
48.70
48.60
48.40
48.40
48.40
48.50
48.40
48.20
48.30
48.10
48.30
35.60
48.20
48.30
48.10
48.20
48.10
48.10
48.20
48.20
48.20
48.10
48.00
48.20
48.30
48.40
48.40
48.40
48.30
48.30
48.30
48.20
48.10
48.00
47.90
48.20
48.10
48.20
48.30
48.30
48.10
48.30
48.30
48.20
48.10
47.80
47.90
48.00
48.10
48.20
48.10
48.20
48.50
48.30
48.20
48.30
48.30
48.10
48.00
48.00
48.00
48.00
48.10
48.00
48.20
48.10
48.00
48.10
48.10
48.10
48.20
48.30
48.20
48.20
48.30
48.30
48.20
48.10
48.30
48.30
48.00
48.10
35.20
48.20
48.20
48.30
48.30
48.20
48.10
48.10
48.10
48.20
48.10
47.90
47.90
48.00
47.80
48.10
48.00
47.80
47.80
47.80
47.50
47.50
47.60
47.60
47.70
47.70
47.80
47.60
47.50
47.70
47.40
47.50
47.50
47.50
47.50
47.30
47.40
47.20
47.30
47.20
47.30
47.30
47.40
47.50
47.50
47.40
47.50
47.50
47.30
47.40
47.50
47.50
47.40
47.50
47.40
47.30
47.40
47.50
47.30
47.30
47.20
47.70
47.60
47.60
47.80
47.70
47.60
47.60
47.70
47.90
47.80
47.90
47.80
47.70
47.70
47.80
47.90
47.90
48.00
47.90
47.70
47.90
47.80
47.80
47.70
48.00
48.00
48.00
47.90
48.00
48.00
48.00
47.90
47.70
47.40
47.40
47.60
47.40
47.50
47.70
47.50
47.60
47.50
47.60
47.60
47.50
47.60
47.80
47.80
47.80
47.70
47.70
47.50
47.50
47.60
47.60
47.50
47.50
47.70
47.60
47.50
47.50
47.40
47.30
47.40
47.50
47.60
47.70
47.60
47.60
47.60
47.60
47.70
47.60
47.60
47.70
47.50
47.50
47.60
47.40
47.50
47.50
47.40
47.40
47.50
47.50
47.30
47.30
47.30
47.30
47.20
47.30
47.20
47.40
47.30
47.40
47.60
47.30
47.00
47.30
47.30
47.30
47.10
47.10
47.10
47.10
47.20
47.20
47.10
47.10
47.10
47.10
47.20
47.20
47.00
47.00
47.00
47.10
47.40
47.20
47.30
47.40
46.80
46.90
46.60
46.70
46.70
46.80
47.20
47.00
47.10
47.10
46.60
46.60
47.00
47.10
47.00
47.00
46.90
47.10
47.00
47.00
47.00
47.00
47.10
47.10
46.90
46.90
47.00
46.60
46.80
46.90
46.80
46.90
47.00
47.10
47.00
47.00
47.00
47.10
47.10
47.10
47.00
47.00
47.10
47.10
47.10
47.10
47.10
47.10
47.10
47.20
47.20
47.20
47.10
47.10
47.10
47.10
47.10
47.10
47.00
47.10
47.30
47.40
47.00
46.90
47.10
47.00
47.10
47.20
47.20
47.30
47.20
47.10
47.20
47.30
47.30
47.30
47.20
47.20
47.30
47.50
47.40
47.80
48.10
48.10
48.00
48.00
47.90
47.80
47.80
47.70
47.70
47.60
47.70
47.70
47.70
47.60
47.60
47.70
47.60
47.70
47.60
47.60
47.80
47.70
47.80
47.60
47.60
47.70
47.60
47.70
47.70
47.80
47.70
47.80
47.60
47.70
47.70
47.80
47.80
47.80
47.90
47.80
47.80
48.60
49.80
50.00
50.90
53.10
53.60
54.00
54.50
54.80
55.10
55.50
56.20
56.90
56.50
56.30
55.40
56.70
56.70
56.80
56.80
56.90
57.00
56.50
55.80
55.90
55.70
56.30
57.30
57.00
57.60
57.60
58.30
58.00
58.00
58.20
58.60
59.00
58.30
58.90
59.10
59.20
59.20
59.10
59.20
58.50
58.20
58.20
58.50
58.60
58.80
58.50
58.40
59.30
59.20
59.60
59.30
59.50
59.50
59.10
60.20
60.40
59.80
59.60
59.20
60.00
60.00
61.10
60.30
59.90
59.60
59.50
59.90
60.40
61.10
61.10
61.70
59.60
61.00
61.40
61.50
60.90
